54 64 36 58 58 62 43 61 53 58 54 59
73 48 67 47 31 59 61 47 65 68 43 20
57 55 49 65 59 60 36 45 50 39 55 60
67 76 78 39 46 54 37 64 31 52 48 53
26 45 69 25 59 68 69 25 35 53 33 31
75 41 55 52 48 24 72 48 52 32 25 64
54 59 46 32 36 29 72 49 73 66 68 43
56 39 58 63 39 42 89 64 49 45 58 47
32 59 63 62 43 47 38 47 68 52 60 51
51 59 60 43 47 54 29 39 59 54 60 40
69 29 38 31 49 64 43 40 60 44 53 44
62 38 58 14 26 38 21 55 53 56 63 55
81 75 41 69 55 46 55 33 45 84 69 55
38 57 46 32 62 74 53 68 58 33 49 45
59 56 35 37 31 47 73 51 59 41 50 53
50 36 49 54 54 75 60 41 67 43 44 43
55 56 71 62 54 67 52 52 51 58 49 51
62 52 48 59 64 60 52 49 58 66 45 58
64 68 53 58 55 84 39 57 21 50 48 45
49 57 73 43 31 84 78 46 74 54 54 42
64 74 66 48 42 53 76 43 75 43 55 49
55 58 56 59 47 48 41 39 52 48 79 49
64 70 48 57 86 66 41 36 40 53 60 42
48 61 51 74 42 48 67 72 43 26 68 41
53 55 62 70 36 70 38 62 48 32 57 33
49 43 63 61 62 59 76 73 38 51 42 82
45 39 67 21 37 53 70 55 41 56 48 49
70 61 77 55 47 69 46 47 40 73 25 64
55 65 35 23 19 68 57 48 46 58 48 58
66 44 42 51 36 43 71 74 50 68 50 05
44 39 66 28 62 66 71 54 36 65 47 47
64 61 65 64 61 59 42 53 54 42 75 38
57 56 58 41 34 36 46 54 50 50 49 58
52 44 56 77 39 52 62 48 46 66 45 46
60 54 50 61 56 22 52 38 54 41 43 66
73 20 71 50 33 70 49 70 57 42 84 27
67 49 41 34 47 53 49 53 60 44 57 50
28 64 28 43 45 53 61 43 51 37 49 33
54 72 55 51 75 27 43 30 44 35 27 43
45 50 24 52 47 28 57 45 81 41 45 78
28 34 40 25 49 65 56 75 56 59 39 39
59 34 73 60 76 73 49 22 48 58 45 51
49 48 46 42 58 65 23 51 70 66 41 62
50 52 63 60 41 65 78 62 47 54 78 62
53 43 52 45 48 53 79 65 71 51 22 48
54 63 82 50 51 40 38 50 48 59 43 73
49 62 48 55 61 63 42 54 58 43 77 59
51 48 57 50 54 56 46 45 33 37 70 67
59 55 59 63 57 45 60 66 39 59 46 75
56 64 56 54 44 27 39 48 56 54 47 49
57 59 55 52 63 46 73 34 38 61 44 56
59 32 52 51 46 41 42 49 59 42 44 73
47 61 77 59 24 35 73 57 72 42 59 60
49 55 24 39 51 63 22 56 55 50 55 54
63 48 55 72 55 53 49 66 48 52 44 42
51 36 37 50 52 45 64 58 54 57 35 75
64 68 35 52 33 62 43 46 44 45 44 59
49 30 45 42 48 64 68 57 40 60 69 62
56 34 57 33 32 48 50 58 41 77 44 59
41 30 51 45 58 56 62 36 59 33 43 69
51 74 69 54 69 52 60 31 23 60 66 45
48 48 51 55 30 45 77 55 49 36 38 27
29 71 76 31 50 58 53 48 38 60 58 68
46 44 67 55 47 59 53 59 43 45 48 58
61 52 58 23 56 46 49 52 47 55 56 34
21 64 42 51 53 66 37 62 49 71 75 54
60 50 45 42 67 50 64 42 52 58 31 61
36 60 56 54 61 66 31 36 69 52 81 80
89 58 56 62 26 27 52 43 46 63 53 49
21 65 45 36 60 47 44 53 18 63 30 48
36 46 34 64 68 34 56 39 35 51 52 42
11 68 29 37 54 30 35 62 54 46 57 34
48 71 65 36 41 39 43 56 56 37 71 53
44 60 51 43 42 42 80 40 49 42 45 61
64 50 24 39 43 48 60 38 56 28 43 42
26 52 45 50 49 56 63 49 60 39 49 48
41 47 73 69 65 32 89 31 62 74 59 65
51 32 45 34 39 89 41 69 58 34 28 30
46 60 50 69 55 54 59 32 58 65 42 38
41 53 71 52 59 51 42 41 67 46 43 48
44 70 46 40 57 81 34 56 51 63 50 44
41 39 58 54 48 49 45 60 67 29 50 63
46 49 26 51 54 51 48 31 35 48 38 50
54 26 37 26 39 16 55 39 74 42 38 46
67 35 56 58 49 39 64 52 29 49 45 57
48 38 54 48 43 37 37 48 34 48 29 58
33 61 50 46 78 33 53 57 35 57 65 43
48 53 49 54 41 67 50 44 42 39 55 49
35 43 38 61 30 47 46 71 63 46 59 32
67 46 67 75 36 48 66 58 51 31 57 79
75 60 42 49 35 44 36 38 32 68 51 35
39 39 06 30 45 55 32 64 52 75 58 62
59 70 69 58 69 52 31 66 52 25 44 57
52 67 23 66 73 30 48 63 61 58 43 46
41 65 55 45 21 50 68 34 37 43 77 38
40 34 41 55 44 67 40 68 79 40 67 42
51 59 48 47 55 51 69 75 60 54 54 54
14 40 45 56 43 63 58 58 71 55 33 54
43 29 55 41 51 54 55 53 64 59 67 46
57 49 51 44 23 33 65 65 58 49 45 61
70 59 72 41 45 51 47 14 52 36 65 60
67 25 46 54 52 43 49 64 52 54 55 41
48 40 50 74 44 37 39 77 29 54 58 47
51 34 42 60 41 43 46 50 45 57 33 91
56 61 72 40 52 23 50 20 64 57 54 29
53 65 43 47 48 51 64 66 60 68 76 45
60 46 53 67 61 64 63 54 29 43 47 49
38 61 75 27 51 57 58 75 47 55 59 42
55 42 50 58 60 45 56 63 73 37 37 43
48 68 48 47 29 61 68 90 32 54 67 58
39 50 61 51 41 47 61 54 56 44 68 58
34 35 62 66 57 65 61 72 69 48 54 62
35 58 54 40 42 51 90 29 50 89 40 59
45 58 45 77 40 54 47 68 41 59 50 53
29 38 61 52 61 32 43 61 72 74 36 46
45 39 52 101 59 60 45 46 54 25 45 32
61 61 47 52 69 56 51 59 54 32 32 64
55 27 53 57 32 68 42 49 50 55 41 66
44 35 54 52 48 40 60 32 74 50 42 60
39 62 36 57 50 42 66 44 40 55 62 59
38 62 47 43 55 38 44 63 56 29 57 48
49 54 68 31 40 29 56 46 69 37 36 49
71 62 34 76 69 63 44 51 58 32 45 45
61 44 49 65 48 51 63 50 77 39 52 64
74 60 25 47 54 56 35 79 23 48 37 46
33 69 58 55 40 44 43 52 51 62 34 54
42 43 49 68 60 35 65 44 58 61 24 53
74 72 43 47 66 70 48 58 29 58 61 47
33 66 85 52 66 46 42 87 40 58 51 56
37 63 59 73 62 32 62 46 42 54 54 66
40 75 72 29 67 53 77 38 47 72 55 65
58 43 31 42 52 72 46 31 57 61 52 37
21 47 71 58 36 57 35 35 54 53 61 36
58 32 78 61 51 37 65 57 68 33 84 64
45 44 50 51 31 34 57 59 77 41 77 48
49 65 40 46 32 57 65 49 49 62 66 40
55 31 70 38 50 78 61 50 54 83 41 24
34 47 30 44 45 53 57 47 41 26 48 40
58 46 43 49 29 44 42 34 53 57 50 68
66 37 56 64 50 44 43 59 50 65 52 51
50 32 73 72 57 45 78 43 72 68 64 56
43 43 41 48 32 38 41 68 45 54 58 41
62 69 43 51 71 51 50 70 54 32 17 40
43 22 38 50 81 68 58 46 29 49 56 56
