46 43 35 51 26 55 36 40 46 60 19 40
54 69 56 32 28 52 64 46 37 54 56 53
46 36 30 42 27 34 37 46 51 65 27 46
35 36 61 45 69 29 74 37 54 38 75 41
53 62 64 56 42 51 38 57 51 32 54 41
39 84 42 42 62 50 58 44 24 49 45 48
41 43 51 43 31 10 54 64 64 42 48 46
52 68 53 34 63 48 48 33 14 48 31 35
56 36 50 60 63 38 69 37 39 47 47 52
28 34 17 65 49 49 54 52 54 28 61 49
56 60 48 54 48 37 48 45 57 58 43 52
51 58 36 49 41 48 52 35 59 59 50 41
57 32 58 43 32 33 30 57 45 42 37 24
66 72 59 57 70 25 36 52 30 45 23 38
30 58 44 65 56 51 48 50 44 43 44 50
53 41 57 48 59 63 29 73 50 41 52 20
70 40 38 43 49 62 45 46 37 39 36 61
36 18 58 32 30 54 52 37 48 34 62 52
43 52 48 41 21 29 60 42 41 58 36 73
47 36 48 47 22 44 61 63 39 37 44 49
72 56 48 45 47 33 45 42 28 41 61 49
37 51 26 48 46 21 43 51 59 44 34 60
55 61 62 50 51 41 48 54 32 51 29 52
47 43 46 64 45 43 31 74 48 41 45 43
55 45 49 59 53 35 28 60 55 50 70 57
28 55 39 48 45 40 47 68 26 68 46 60
41 53 45 42 41 26 61 67 49 59 35 39
52 51 65 45 40 47 33 64 57 25 62 41
41 40 37 48 56 53 25 55 42 42 53 65
55 71 43 56 66 56 55 32 34 36 40 36
36 58 57 44 59 48 42 75 29 47 65 50
17 69 69 65 27 37 40 42 65 34 38 56
50 36 48 23 42 35 40 44 49 39 30 34
54 35 45 50 41 34 54 66 40 45 73 61
42 61 57 43 48 73 49 36 37 73 55 68
50 57 38 58 27 57 39 47 39 60 69 47
54 57 40 58 67 62 45 58 52 49 63 75
41 44 38 50 58 43 37 26 58 57 41 65
54 54 55 32 42 38 62 47 20 38 37 44
45 49 51 54 53 52 52 59 36 22 41 64
38 53 70 50 52 42 76 65 55 55 35 38
69 57 49 41 47 55 51 30 60 48 35 36
57 38 33 46 66 51 57 61 56 32 63 48
50 53 85 68 48 29 43 38 50 31 44 42
61 63 59 46 42 45 66 57 36 41 54 48
32 33 46 50 54 34 47 67 60 53 52 26
65 09 41 42 25 55 27 62 38 61 45 63
59 50 51 48 49 43 42 43 53 51 24 37
68 54 40 47 48 62 33 12 57 53 46 49
45 69 46 17 69 33 66 55 71 43 57 46
53 52 49 63 39 57 65 48 39 62 51 33
44 49 37 49 55 49 58 55 66 42 47 63
36 43 44 52 48 56 47 42 39 61 52 65
52 47 59 57 21 52 44 61 66 31 26 53
54 22 40 67 54 37 74 30 69 38 50 56
29 36 27 51 37 47 32 47 46 64 61 35
38 20 56 29 46 56 57 45 43 45 51 42
51 65 43 43 67 23 42 48 34 36 46 59
46 27 43 39 43 42 49 48 49 38 58 50
28 44 45 45 59 41 67 44 44 57 61 37
43 48 77 40 56 51 53 40 54 29 32 31
42 46 31 33 41 53 55 41 39 66 64 45
47 70 66 47 65 68 36 41 27 51 38 58
56 60 49 46 55 54 30 39 56 50 71 39
40 58 44 67 59 40 51 45 33 54 53 53
53 60 54 58 41 64 39 33 58 64 27 40
45 36 31 71 57 44 41 46 33 36 38 34
43 40 58 53 39 37 56 61 64 51 43 31
56 48 51 42 34 48 30 17 40 40 58 60
27 61 63 53 56 69 45 57 37 38 64 57
47 62 43 41 23 55 72 24 56 51 55 49
55 44 53 55 40 59 51 49 33 36 50 39
48 56 50 36 42 36 57 52 61 55 63 62
36 36 44 31 33 41 45 55 63 57 53 53
40 46 48 66 50 49 53 56 52 33 56 34
56 69 47 31 48 23 31 38 50 54 43 75
38 45 40 47 50 44 74 32 53 60 64 57
44 53 71 60 51 54 50 37 49 57 30 42
57 69 49 60 67 34 53 54 76 45 64 68
48 55 52 65 51 44 35 56 40 60 53 75
35 38 59 39 34 56 40 55 35 39 41 40
51 30 28 67 59 58 32 37 53 55 60 49
62 31 34 37 64 62 37 40 60 24 34 44
63 79 63 23 52 55 91 36 30 47 30 47
63 48 55 52 61 44 50 31 50 43 56 42
55 30 45 41 41 47 60 39 51 40 49 46
55 46 41 45 52 40 40 49 49 38 28 41
68 59 65 45 63 52 26 45 68 57 32 51
55 66 42 51 42 65 57 56 53 53 41 59
60 34 39 72 59 61 52 32 33 55 57 36
43 36 55 32 48 47 47 52 58 61 24 57
42 47 57 44 47 60 56 47 81 57 48 31
42 56 40 47 53 55 58 64 65 45 42 51
59 54 54 67 34 41 47 47 46 53 61 50
31 76 40 40 52 58 55 57 60 53 47 36
65 54 35 24 34 50 59 58 34 34 40 36
52 51 72 50 21 75 41 36 49 53 43 70
38 27 46 57 62 75 45 54 33 48 40 52
60 53 53 47 54 50 51 35 44 43 53 51
83 43 40 55 27 72 35 71 33 32 50 57
34 39 57 39 36 42 46 55 49 73 38 55
28 62 54 45 56 39 49 41 38 32 51 58
37 51 68 42 46 44 49 36 54 40 59 56
28 54 42 22 42 39 61 57 18 60 28 43
32 41 57 36 57 29 44 53 63 41 47 30
52 59 28 26 25 31 30 51 65 60 55 41
29 33 52 33 36 39 54 31 69 56 57 54
44 33 61 51 76 57 50 51 61 43 50 42
37 38 70 33 50 52 55 69 33 53 42 35
35 42 44 48 47 19 19 69 54 47 57 62
44 49 31 36 62 47 55 52 41 50 63 71
36 64 43 51 26 31 55 49 32 30 57 44
39 56 61 50 28 63 49 31 46 49 65 40
61 47 37 23 56 53 61 24 37 43 31 35
59 60 55 41 48 53 51 47 68 29 47 46
44 40 40 71 48 45 56 33 78 60 62 40
62 41 66 45 50 54 55 32 57 66 41 59
33 33 47 36 64 29 60 64 62 36 45 43
63 39 58 48 54 61 41 31 66 46 41 50
44 45 82 61 42 41 47 59 45 62 40 57
39 59 63 62 38 28 40 34 36 59 63 61
26 55 50 63 60 43 28 46 44 26 57 44
46 43 50 41 31 56 34 58 22 46 42 60
48 47 47 34 40 29 62 62 60 63 61 42
40 31 36 45 62 39 37 45 65 47 43 41
60 52 52 41 54 45 46 44 61 41 55 59
37 19 44 54 41 36 36 49 72 53 41 48
57 57 48 47 37 73 30 41 43 45 50 35
40 34 45 42 55 60 52 30 58 51 50 59
53 37 54 37 37 32 57 48 71 39 43 48
26 47 39 40 44 57 40 31 64 55 58 54
58 67 59 22 45 61 59 38 18 43 59 54
33 48 53 47 56 50 43 51 32 58 58 38
22 56 41 55 59 30 29 45 54 57 52 62
52 36 39 66 47 42 61 62 35 43 40 32
68 59 28 51 50 63 64 57 49 37 41 45
38 44 57 42 52 37 47 29 40 45 20 44
47 40 56 53 49 46 57 59 53 59 56 50
41 37 81 52 49 53 64 44 52 61 59 36
38 42 48 44 48 35 53 57 44 49 45 45
75 56 59 44 39 43 36 45 68 38 58 64
29 62 40 59 37 51 31 46 50 57 67 50
53 50 45 32 56 38 48 35 45 39 41 27
66 44 41 40 47 33 58 54 59 50 69 49
