51 29 45 43 50 40 70 73 47 50 54 45
58 38 54 55 51 57 27 33 51 62 37 53
40 70 50 64 64 45 28 62 41 44 58 42
42 43 51 47 77 32 43 49 56 54 38 56
80 38 51 46 49 67 44 60 45 37 47 48
60 53 43 59 83 22 52 29 54 43 76 51
50 48 32 39 75 61 35 30 57 50 61 60
49 29 46 61 48 76 67 60 59 75 46 36
40 35 45 57 52 43 56 51 44 47 62 28
57 40 48 51 42 42 53 45 54 62 50 40
39 47 70 19 45 19 43 36 65 55 37 54
62 37 39 53 44 55 55 40 53 57 55 50
46 33 54 65 43 55 56 70 66 57 45 51
55 68 36 48 60 67 42 59 65 37 44 49
51 36 62 23 57 40 63 18 41 56 72 34
40 53 46 46 41 71 39 66 57 36 42 53
34 51 74 45 57 34 45 37 31 63 45 52
83 59 47 48 47 42 58 44 44 39 20 76
66 51 37 56 69 51 76 57 31 47 56 38
54 35 57 34 50 48 22 45 52 52 57 48
59 52 35 54 49 37 38 50 52 37 36 51
68 55 40 29 46 40 46 28 62 47 53 51
34 36 52 45 64 55 47 42 59 52 48 50
57 46 53 59 42 52 50 43 66 48 51 54
49 57 45 59 49 49 32 63 48 78 70 34
73 63 58 49 45 36 70 20 42 42 45 37
40 46 53 51 40 63 57 69 38 46 39 36
48 45 61 36 51 52 58 61 68 43 34 72
60 63 48 45 20 54 32 43 42 52 54 45
28 46 44 63 53 59 49 67 46 63 39 38
55 51 40 46 63 55 75 52 52 77 62 54
61 65 44 27 38 45 29 24 28 64 32 37
62 67 47 28 67 59 52 40 66 53 44 33
53 45 62 54 54 46 49 30 48 60 71 74
26 66 45 33 66 43 30 44 55 53 52 26
31 54 49 48 49 58 39 51 50 58 57 37
61 34 41 45 43 34 68 45 52 56 59 30
44 42 46 44 25 60 66 73 44 49 33 54
68 71 52 51 31 60 51 59 39 47 28 33
51 58 55 43 54 47 50 47 78 47 45 58
60 49 51 50 47 49 51 43 37 63 34 58
19 58 42 62 64 22 35 59 48 64 35 41
59 53 47 61 63 50 44 35 53 42 49 38
38 37 50 39 50 44 39 76 48 44 32 50
55 24 47 39 82 34 54 45 65 32 61 46
38 48 45 43 49 42 40 42 46 46 28 54
52 56 46 48 41 48 57 51 59 59 66 46
36 56 42 69 54 64 47 42 42 45 61 51
33 27 66 64 28 62 47 53 55 43 45 51
58 35 61 40 54 35 56 57 66 55 50 36
48 27 60 37 50 36 48 49 50 25 35 54
50 33 35 45 38 61 23 51 51 57 49 49
56 56 52 30 50 51 47 53 61 54 51 38
31 47 55 55 36 40 52 34 42 50 41 51
43 52 51 33 66 58 75 42 53 44 47 54
47 48 50 53 55 26 50 41 48 50 54 36
52 58 58 22 55 63 29 36 44 39 42 47
42 41 54 70 60 43 32 67 58 69 47 57
32 47 65 43 61 72 49 42 48 70 58 31
62 30 65 46 62 49 55 49 49 60 57 39
77 51 36 38 36 38 49 22 42 56 52 53
57 57 56 53 44 60 59 44 45 36 49 68
51 48 40 53 53 55 61 58 65 36 46 18
44 50 54 45 60 54 44 26 37 55 42 68
64 51 35 49 65 45 62 57 60 63 46 34
60 74 31 29 73 39 45 52 52 48 51 41
42 46 36 40 56 40 46 55 43 37 46 82
46 41 65 55 58 58 67 46 56 35 56 26
35 42 40 50 40 62 44 47 48 55 51 54
43 57 49 45 31 39 47 49 40 51 60 37
67 54 49 49 56 51 33 45 31 52 27 51
47 69 56 36 44 70 39 49 52 62 66 55
68 65 52 34 50 73 09 47 36 49 46 50
40 39 43 64 41 50 63 34 34 54 52 39
54 36 41 50 43 41 40 42 51 59 44 47
27 49 23 52 35 62 59 49 58 60 69 44
53 81 50 48 55 38 62 46 58 58 53 60
52 44 46 53 47 40 48 54 47 63 51 36
30 23 70 52 81 33 46 38 60 54 57 51
45 46 42 48 28 58 45 42 36 75 46 61
39 55 41 33 59 51 39 43 60 59 36 61
43 58 46 49 39 66 26 42 64 55 24 72
82 69 16 59 41 33 63 40 51 36 41 42
36 46 45 33 37 54 46 69 51 58 37 76
35 53 45 55 40 38 45 41 65 52 30 46
33 53 69 59 48 55 86 46 43 43 25 61
52 40 50 46 28 42 49 26 34 51 60 57
62 65 53 47 19 40 25 60 56 43 32 51
33 39 54 74 47 47 50 64 58 53 35 52
43 51 58 34 61 58 58 50 38 36 33 27
35 39 48 37 46 56 36 45 56 57 46 52
57 38 67 65 46 37 29 23 19 43 44 41
46 59 66 56 46 68 62 48 56 32 58 65
32 57 37 48 39 24 55 53 54 47 50 49
63 47 45 24 33 34 37 36 53 38 38 23
70 55 54 42 38 26 42 52 67 49 42 54
47 39 18 46 53 38 57 72 36 55 55 54
44 56 50 56 27 34 61 63 64 51 69 59
42 49 59 49 45 33 59 45 57 31 32 56
34 53 65 59 41 54 60 50 53 45 64 46
36 46 36 55 53 65 45 41 54 66 79 36
35 42 58 34 58 36 62 46 51 52 41 38
40 62 54 48 40 52 45 43 19 63 50 51
52 51 63 34 40 56 51 20 47 52 45 59
64 89 55 46 44 49 55 38 65 45 51 48
39 42 51 70 22 46 55 51 50 40 49 41
38 49 63 14 57 49 42 38 36 47 48 54
39 36 69 48 64 41 41 56 22 38 58 28
41 54 60 40 59 57 56 46 38 35 46 55
55 45 53 37 60 34 52 46 34 63 32 44
42 45 71 61 46 45 51 51 52 47 43 49
30 53 70 56 47 55 40 51 52 47 59 34
78 35 30 61 51 47 50 46 14 59 28 46
44 54 42 55 58 47 38 34 38 65 67 63
47 38 44 53 42 40 28 41 40 49 37 56
55 59 54 37 55 59 50 47 55 63 42 53
35 56 42 48 55 56 53 66 50 42 33 48
50 47 47 51 72 47 56 43 10 45 63 33
58 55 70 63 71 45 47 56 64 39 38 48
38 44 70 60 43 58 60 43 39 53 47 68
49 63 55 65 66 52 50 50 43 59 45 61
25 46 61 58 49 52 68 56 45 39 58 40
39 82 89 49 37 24 49 51 29 51 44 43
60 46 50 56 49 55 41 68 43 52 39 48
29 44 46 44 46 44 35 43 41 45 47 57
60 27 35 39 44 59 66 50 60 58 21 33
72 49 25 62 44 31 33 54 39 46 48 79
27 48 64 42 54 43 50 49 48 46 65 56
42 60 57 63 54 57 48 36 44 64 33 52
76 60 52 67 47 60 26 58 42 57 43 36
51 58 56 18 69 50 53 56 27 49 42 47
40 49 50 58 53 59 15 44 47 53 63 49
56 54 58 44 52 52 38 46 43 42 75 34
52 45 62 75 43 41 61 36 31 52 44 57
47 55 44 50 25 62 73 48 48 37 25 48
57 33 58 42 56 47 33 49 52 52 38 49
56 29 48 53 41 51 62 52 30 37 29 49
52 51 50 46 55 52 52 36 41 60 38 78
65 38 49 59 46 49 32 61 37 55 22 89
55 76 53 54 46 76 38 47 41 48 38 60
49 46 65 41 56 31 46 44 50 68 58 60
49 50 63 41 59 50 49 66 42 55 62 56
48 64 54 51 59 37 58 57 42 48 44 41
38 51 32 46 47 37 56 39 58 43 62 44
