74 32 64 38 40 45 51 64 46 60 32 40
70 43 42 58 43 47 45 53 40 44 60 38
32 57 57 33 36 72 44 59 47 44 48 52
62 41 55 53 50 60 32 55 58 48 60 41
61 44 43 39 61 75 49 46 47 45 32 51
49 64 33 58 54 59 47 34 56 60 71 39
69 47 44 56 56 61 32 46 32 56 53 49
41 49 59 51 61 48 42 59 42 60 46 58
53 43 38 49 53 78 30 46 50 56 70 44
71 64 65 53 39 52 46 57 56 66 53 56
59 49 53 48 38 50 27 53 40 39 49 47
51 51 38 46 64 38 55 50 56 25 55 43
56 54 57 51 34 50 57 42 53 44 66 67
45 62 53 53 40 35 45 37 30 74 51 47
48 59 51 52 30 42 41 52 53 55 54 45
30 44 37 58 60 51 53 32 51 44 49 47
60 63 65 48 46 42 41 38 78 49 43 52
62 40 38 33 52 54 46 46 65 54 51 54
51 29 42 62 54 40 37 61 62 47 39 50
48 59 49 61 59 32 63 43 55 43 48 56
47 42 48 56 48 45 43 62 38 54 63 37
59 45 60 55 51 64 50 75 59 74 56 52
52 49 32 47 62 63 49 50 44 67 39 45
46 58 47 47 54 41 55 30 58 60 57 31
44 61 48 50 52 43 58 52 32 46 51 47
48 51 53 36 37 42 53 45 39 62 50 42
34 41 47 58 55 35 37 66 37 60 73 52
46 80 46 59 41 41 65 39 39 53 52 60
64 56 49 58 51 36 56 39 56 50 48 53
45 76 58 50 42 49 39 65 53 56 45 54
70 40 29 49 54 42 52 38 64 43 42 62
41 49 44 47 67 46 59 48 40 62 47 52
38 39 33 63 38 66 30 42 24 43 67 58
66 46 55 55 37 57 51 58 46 53 33 57
33 45 63 47 44 48 68 52 75 63 47 37
54 53 52 59 63 44 43 52 72 55 69 74
39 62 52 37 64 44 61 46 37 41 55 39
26 58 63 55 51 54 35 48 62 57 49 69
48 58 34 35 27 44 50 50 49 38 63 58
46 29 44 51 52 55 35 52 36 63 52 65
34 50 52 40 52 55 47 48 40 47 61 64
42 60 46 55 42 49 49 37 50 52 46 51
64 60 39 46 35 52 59 57 52 46 43 47
46 76 43 50 38 36 53 57 68 51 56 60
45 58 52 50 42 26 75 34 46 52 42 54
60 49 51 46 56 45 43 52 48 48 47 53
56 66 51 55 39 64 60 48 74 49 34 65
50 60 42 71 37 66 56 50 44 66 48 61
42 63 46 53 60 59 54 58 20 37 58 40
52 36 54 10 57 55 54 65 41 52 56 61
55 56 53 45 60 52 48 50 40 58 49 49
50 37 66 36 59 48 39 40 58 58 55 42
43 40 61 53 67 60 51 58 57 45 31 54
60 60 49 38 51 66 56 50 64 16 57 57
61 50 44 44 35 46 47 53 49 49 62 56
65 53 52 50 60 46 47 52 50 67 56 41
62 40 36 57 60 36 47 60 65 49 58 58
25 54 68 61 53 36 70 57 59 56 64 47
49 49 63 40 69 53 41 55 64 49 62 58
46 69 33 42 86 43 61 70 62 57 37 41
58 42 45 58 63 71 38 57 57 62 57 54
69 55 52 37 78 64 73 23 58 59 44 62
50 44 40 56 41 87 62 51 76 41 63 57
70 33 55 33 46 53 37 55 49 50 45 43
42 59 53 46 59 35 69 44 60 54 21 61
45 55 58 60 66 25 59 42 43 58 63 54
61 45 59 59 58 48 70 53 62 56 60 66
62 35 42 50 60 37 58 53 43 31 59 55
41 43 52 55 58 62 56 60 52 40 43 36
47 49 64 43 53 28 36 51 49 50 48 32
54 39 33 39 63 41 75 65 57 70 48 50
41 68 50 64 52 66 48 55 46 46 45 56
51 74 49 61 70 62 35 39 23 42 43 64
48 41 46 52 39 63 73 38 27 70 48 60
59 56 45 49 61 46 57 62 32 53 60 70
45 29 56 43 54 54 44 42 41 39 58 43
35 43 30 55 58 52 63 37 46 40 61 53
39 60 48 50 59 52 52 43 55 69 53 47
38 48 52 41 63 37 36 49 47 57 60 43
39 33 69 61 62 69 63 65 44 57 66 47
58 56 50 54 43 50 77 59 74 41 50 50
58 43 42 44 81 51 50 57 51 36 61 48
54 68 59 69 43 56 41 52 66 66 51 40
44 61 62 65 49 35 66 49 56 59 60 54
30 44 36 59 62 57 61 51 44 55 71 65
66 46 56 56 56 66 57 49 49 52 58 40
45 42 60 49 62 55 55 29 44 49 56 37
43 47 51 69 58 41 52 48 49 34 49 50
46 40 65 38 37 67 47 57 42 37 44 68
41 63 33 67 47 54 65 57 49 39 56 63
57 43 53 61 60 36 60 63 66 72 70 71
56 53 41 51 48 52 41 46 57 49 78 42
64 69 40 20 41 53 61 43 54 47 49 49
46 62 69 57 42 39 61 53 48 37 57 53
58 54 42 80 41 54 34 56 42 47 19 63
41 43 61 56 53 54 60 53 36 78 41 43
57 66 42 63 64 44 40 38 63 71 57 39
55 73 44 36 29 64 48 48 32 40 57 44
38 49 40 57 42 49 69 46 59 53 43 44
63 41 45 60 73 33 57 46 55 62 41 46
51 46 44 51 43 39 37 62 65 60 59 37
39 58 54 32 37 58 52 62 72 47 43 67
47 54 54 68 38 51 33 57 66 70 40 68
50 57 51 57 46 53 59 48 43 41 71 41
53 36 50 31 61 49 52 50 38 57 53 54
51 60 59 67 48 43 34 47 45 36 40 53
39 37 43 64 62 43 53 73 49 50 41 64
38 50 49 63 48 69 64 46 34 58 39 55
41 49 58 39 46 69 58 50 58 61 28 54
58 39 54 38 56 48 45 48 49 54 44 45
56 47 54 48 52 60 56 65 48 28 47 27
37 59 55 55 55 38 36 47 53 55 62 54
35 34 40 35 50 65 40 43 46 51 51 38
28 61 49 64 58 60 25 50 40 66 65 61
48 58 47 47 38 39 46 45 56 39 55 41
37 63 42 41 71 41 31 38 66 56 47 64
43 46 66 32 40 37 52 46 55 41 65 63
53 43 54 58 41 72 33 54 58 65 54 48
46 37 58 43 48 62 41 57 52 62 29 42
43 63 47 53 53 42 71 52 60 36 47 63
52 62 42 49 67 47 62 60 47 57 52 58
70 62 40 53 45 75 42 63 46 43 57 59
71 63 41 59 40 48 41 51 42 36 45 72
54 34 62 45 34 49 61 49 42 81 41 33
56 67 56 42 78 42 56 73 61 62 45 65
48 43 67 53 45 55 49 57 46 54 46 63
53 41 46 55 51 44 67 39 48 69 48 48
55 27 40 53 63 66 46 46 54 49 39 28
31 52 30 40 42 31 44 42 60 25 44 55
67 43 61 30 50 66 83 40 46 47 51 63
35 58 52 39 83 43 66 45 37 54 46 48
54 56 51 44 44 56 75 51 54 51 68 40
52 47 56 59 54 35 71 65 44 52 43 46
43 56 54 60 48 60 52 48 52 64 58 40
56 61 43 57 53 45 53 72 48 78 47 49
57 35 36 52 44 43 65 53 41 49 41 38
49 59 67 46 43 67 43 44 47 57 58 55
38 56 61 61 39 45 56 56 48 48 42 51
65 44 55 62 28 64 46 53 35 42 42 49
37 41 53 28 68 44 51 54 25 60 69 33
68 52 45 59 59 44 56 58 43 54 30 56
42 55 62 44 49 37 35 72 45 41 59 64
30 54 38 37 49 66 74 46 50 53 58 48
44 47 51 67 38 50 56 51 50 37 40 58
